550610487 0.2 1.0 0.125 0.333333333333 | 0 0 0.15625 0
550610488 0.2 1.0 0.125 0.333333333333 | 0.2 1.0 0.125 0.333333333333
550610490 0.2 1.0 0.125 0.333333333333 | 0 0 0.15625 0
550610491 0.2 1.0 0.125 0.333333333333 | 0 0 0.15625 0
550610492 0.2 1.0 0.125 0.333333333333 | 0 0 0.15625 0
550610493 0 0 0.15625 0 | 0 0 0.15625 0
550610500 0 0 0.15625 0 | 0 0 0.15625 0
550610501 0.2 1.0 0.125 0.333333333333 | 0.2 1.0 0.125 0.333333333333
550610504 0.2 1.0 0.125 0.333333333333 | 0 0 0.15625 0
550610505 0.2 1.0 0.125 0.333333333333 | 0 0 0.15625 0
550610507 0.2 1.0 0.125 0.333333333333 | 0 0 0.15625 0
550610508 0.2 1.0 0.125 0.333333333333 | 0 0 0.15625 0
550610510 0 0 0.15625 0 | 0 0 0.15625 0
550610512 0.2 1.0 0.125 0.333333333333 | 0 0 0.15625 0
550610513 0.2 1.0 0.125 0.333333333333 | 0.2 1.0 0.125 0.333333333333
550610514 0.2 1.0 0.125 0.333333333333 | 0.2 1.0 0.125 0.333333333333
550610515 0.2 1.0 0.125 0.333333333333 | 0.2 1.0 0.125 0.333333333333
550610518 0.2 1.0 0.125 0.333333333333 | 0.2 1.0 0.125 0.333333333333
550610522 0.2 1.0 0.125 0.333333333333 | 0 0 0.15625 0
550610525 0.2 1.0 0.125 0.333333333333 | 0 0 0.15625 0
550610528 0.2 1.0 0.125 0.333333333333 | 0.2 1.0 0.125 0.333333333333
550610530 0.2 1.0 0.125 0.333333333333 | 0.2 1.0 0.125 0.333333333333
550610532 0.2 1.0 0.125 0.333333333333 | 0.2 1.0 0.125 0.333333333333
550610536 0.2 1.0 0.125 0.333333333333 | 0 0 0.15625 0
550610545 0.2 1.0 0.125 0.333333333333 | 0 0 0.15625 0
550610548 0.2 1.0 0.125 0.333333333333 | 0 0 0.15625 0
550610553 0.2 1.0 0.125 0.333333333333 | 0 0 0.15625 0
550610554 0.2 1.0 0.125 0.333333333333 | 0 0 0.15625 0
550610555 0.2 1.0 0.125 0.333333333333 | 0 0 0.15625 0
550610557 0.2 1.0 0.125 0.333333333333 | 0 0 0.15625 0
550610534 0 0 0.15625 0 | 0 0 0.15625 0
550610535 0 0 0.15625 0 | 0 0 0.15625 0
USURF mean 0.16875 0.84375 0.1298828125 0.28125
String Gramma mean  0.05625 0.28125 0.1474609375 0.09375
